281656475
284993459
285005463
286070473
288120394
288419283
289446241
290807369
291430598
293118835
293573778
294536447
295759189
297332787
297694601
298127110
298596830
299029654
301387274
302049354
303191318
304770340
305557780
306169895
306375551
306468004
306561234
306937053
307132353
307354030
307741537
307764057
308368164
308834491
309187846
310951782
311762416
311785642
312220102
314303518
314506629
314652382
314819528
314855255
316391924
317904170
318304532
320279293
320596872
320599923
320650307
322523436
324266640
324887734
325658560
326082487
326161564
328011357
328415391
329127297
329174056
329703516
329887910
331004675
331177703
331259725
333246187
334235181
334264405
335545504
335862325
335875911
336435697
336834650
337021781
337056601
337402021
337462979
337571576
337710261
338057689
339462921
340368403
341329033
341691394
342602105
343200656
343555245
343638336
343889987
344065205
344176018
345445479
346997126
347310316
347803339
348543978
348684697
349079731
349276209
349442137
350480010
350642635
351091731
351184863
351939099
352000376
352041837
353372460
353573707
353603279
354655665
354850853
355709084
355940964
356618664
356968629
357421934
358055270
358207332
361231506
362179828
363282253
363448251
363451838
363486833
363992049
363998953
364159440
364165557
364234221
364252504
364267763
364733950
364762290
364904019
365235835
366195670
366626332
367706767
368948250
369111608
369692259
369838631
369970819
370144476
370406465
370697773
370899391
370901726
372513032
373185673
373203236
373515261
373563219
373849969
374151636
374791544
376197239
376202925
376413870
376436174
376561911
377321278
377704407
377831429
377908737
378326916
378781805
378782714
379256460
379395415
380834987
380932800
380974668
381477230
382013715
382045106
382596778
383718755
385724144
385919493
385957032
386098453
386239683
386592716
387109554
387310377
387428400
387893495
388336485
388459613
388462078
388633565
388838723
388932995
389204861
389481236
389543438
389784247
390109631
390523040
391071343
391304000
391947489
391965015
392186427
392188745
392198579
392252535
392408028
392790924
392899425
392915994
393670998
393765873
394342281
394732447
395096736
395148744
395627741
395893124
395898626
396224808
397951063
398166286
398329664
398348506
398453262
398687544
398860966
398954883
398975927
399363156
399608199
399804936
400213892
401644893
402614251
404086528
404529222
405548206
405622181
405891908
406732590
407262212
407375789
407707744
408854559
409157308
409299054
409362880
409395695
409563112
409605521
410315894
410319945
411608323
411711646
411843682
412395632
412403556
412792865
413246702
413423472
413487517
413515229
413618155
413993350
414002091
414245413
414603431
415069562
415138546
415468221
415606289
415842508
416023011
416457422
417200582
417906074
419135449
419261235
419724490
420635506
420636551
421168738
421988577
422845617
423084029
423443665
423492040
423514795
423855879
424229589
424598114
424881832
426097375
426170776
426414466
426747278
427419772
427457043
427555239
427941017
428845974
428970841
429009175
429851711
429870273
429885089
430229059
430234732
430616332
430823968
430856616
430920838
431065024
431229633
431493086
431865275
432080204
432278816
432455516
432771571
432849519
433156786
433508740
433596395
433620759
433622275
434374726
434826169
435476174
435693872
435728260
435883126
436180275
436957087
437025413
437314677
438865278
439176506
439495358
439638720
440141669
440488550
440677948
440948110
441179131
441599491
442378070
442522082
442705759
443324720
443926246
444062672
445300213
445573854
445850671
445996226
446324234
446408493
447024088
447313708
447574907
447689011
447983569
450555662
450987651
451113455
451287325
451584035
451901829
452176796
452830319
453051448
453174055
453480684
453629018
453670037
453691481
453809428
454136236
454958810
454988262
455256615
456229650
456726080
457561360
458318329
458813562
459023164
459313476
459660048
461123279
461390784
462125072
462134755
463142843
463240522
463295925
463422433
463431091
464235764
464352883
465173198
466252999
467067151
467923185
467953363
468401854
468429333
468564994
468566852
468674094
469024771
469338840
469622080
469964520
470412139
470578793
471458190
472374716
472642407
472896868
472937654
473219519
473225145
473596157
473917761
474011277
474121500
474205928
474595631
474807486
475966832
476467441
476550251
477091899
477120941
477618130
477707236
477891975
478396998
478618165
478643661
478862935
479159684
479206805
479243891
479528827
479665601
479889140
479943969
480079300
480090210
480219484
480688850
480805652
481033328
481587094
481914139
481964944
482158461
482365195
482380153
482465886
482475948
482688777
482910640
482917268
483049169
483161617
486221305
486355738
486692623
486744917
487162791
487608658
487946174
489221652
490077681
490109661
490129379
490152130
490470296
491033889
491075156
491629188
491899548
491907493
491998279
492262759
492502649
492571492
492671847
493536432
493912733
494302506
494407419
494776019
494906425
495077699
495130365
496191902
496499395
497088907
497236102
497693461
497788271
498425561
499511971
499794670
499835343
500098096
500108743
500963785
501108781
501220013
501968250
502803489
503090249
504001448
504170504
504201783
504270602
504274740
504280284
504542019
504614735
504835984
505066327
505080575
505365608
505488770
505829994
506007254
507056600
507161324
507937883
508401605
508558296
509260769
510119487
510173686
510909506
511807447
511985746
512166629
512727332
513445705
513836029
514205253
514634235
515651240
515840296
515850648
515884174
516349924
516820956
517166184
517409040
517488939
517588534
517812925
518611020
518684914
518966501
519052678
519077434
519131315
519530925
519781433
519952689
521577043
521633439
521640355
522309966
522687241
522700349
523063187
523497998
523520711
523540409
524359189
524509185
524988885
525176875
525195399
525246631
525507410
525818572
525929300
526011730
526012271
526590469
526819635
527143310
527173191
527445936
527705255
528122602
528532387
528805631
529646208
530001625
530003802
530425820
530809322
531761928
531968389
532046195
532138534
533373729
533863652
533893269
533956710
534174529
534477679
534539160
534960206
535127218
535731343
535744360
536475199
537263603
537280156
537452201
537773100
537931449
537961396
538248967
538671999
539291461
539354240
539587329
540392362
541517597
541672969
541868325
542568747
542909191
543672169
543826363
544007969
544118997
544119998
544372354
544549986
545813738
545993260
546276382
546278681
546280643
546287349
546630411
546688555
546937504
547100072
548565954
548753732
548946769
549027629
549050663
549421060
550058952
550067264
550902799
550971517
551215116
551407760
551682016
551817261
552208596
552330708
552498441
553211336
553771681
553807264
553918524
554050644
554064861
554245373
554462411
554533253
554597348
554602005
554941343
555208351
555233356
555590884
555610791
555641008
556027347
556867879
556990666
557121061
557137623
557138109
557153158
557932128
559951975
560173559
560692867
561521557
561632513
562136065
562162550
563092250
563103341
563764220
564247778
564713751
564765093
564818797
564850309
565200595
565355431
565847343
565877448
565951597
566223681
566286915
566394373
566560753
566663211
566685699
566752651
566813949
567141387
567143224
567244903
567249360
567289775
567457151
568141784
568731681
568827824
568939466
570105907
570180361
570182662
570315854
570439968
570608623
571172432
571227995
572432485
573116090
573385592
573615421
573885698
574641836
575082759
575357589
575487269
575781369
575812869
576959436
578186621
578203499
578467798
578665578
578979413
579446739
579712380
580002794
580069644
580758306
581137577
581585669
581838289
581906929
582284493
582431926
582528844
582538300
582719476
582934943
583066190
583284315
583308290
583672052
583700738
583976519
584246550
584485870
585478571
585512923
585561686
585658160
585880277
586076398
586149216
586157728
586192051
586379597
586803362
586854309
586910133
587248280
587849880
587868848
588013838
588199634
588287777
588797948
588922922
589220663
589351740
589779009
590190880
590268705
590353452
590652256
591301867
591584458
591591931
591923366
592371118
592447445
592725830
593042008
593306620
593451567
593828513
594117733
594145971
594851821
595098366
595246296
595831580
596006531
596026805
596040849
596796565
598127498
598542901
599083564
599456126
599456380
599608562
599694143
600093562
600093661
600273928
601137830
603092599
604186826
604376012
604687408
605040858
605477810
606910110
608263551
608901634
609405853
609524351
609577016
609636705
609649044
610003290
610386042
610955645
613464159
613980069
616027251
616589689
616655687
616728264
616728746
618687721
620262310
620447173
621167809
622559167
623193844
623856305
624653112
625411864
625740630
625994547
626362411
627879091
627880433
627986929
627994145
628267678
631073589
631446426
632064672
632231181
632297587
632460897
632598552
632827808
633443676
633625517
634013256
634885478
634896669
635080617
635206028
635819133
636248681
636344719
637897973
638143733
638714159
639219540
639615384
640360962
640484311
640702076
640941236
640999250
641519483
642091851
642821482
643165438
643791032
644077827
644106186
644245630
645384141
645422116
645675002
645794505
645797558
645859810
646436754
646504584
646619812
647554947
648228242
648998642
649181106
649202100
649246860
649820448
649983655
650645305
650715760
651277515
651323845
652039347
652138155
653146633
653298682
653384976
653453499
654662054
654898029
655619282
655890150
655903467
656163700
656723874
656773485
657222343
657395017
657638474
657675944
657811530
658257516
658426204
658785238
658828559
659283309
659353189
659448144
659563061
659672658
660617252
660653351
660687537
661149814
662001778
662090840
662611545
662749248
663820495
663965632
664457128
664783704
665001825
665678340
665795633
665873523
668515245
668533031
668576857
668598022
669196929
669198374
669287954
669835030
670109767
670133026
670910957
671123035
671464704
671889349
672002602
672151350
673041243
673612506
673672983
674385418
674474596
674590967
674657235
675054186
676201334
678448523
678861146
680268481
680436745
680581294
681370499
681942253
681966300
685214412
685675706
685857245
686420990
686542963
686910560
688983474
689165391
689180123
689859603
689936776
690016261
690106176
690215614
690602681
690802539
691025552
691102150
691617940
692717444
693045097
694047660
694133485
694580816
694695717
694972182
695187101
696450432
698154775
699687299
700227648
700440156
700513526
701598884
702810576
707189889
708388097
709003148
710380093
714086913
714180827
714463714
715441573
715822238
716697016
717545062
717628209
718082838
719320397
719858778
720111744
720656825
720725216
721512660
721623681
721911537
723322796
724786142
725208930
725222008
725440538
726115780
726147252
726895069
727109676
727466621
729686081
730091131
730148796
730873197
730919094
731041554
732908963
733144873
733989611
734256893
735127946
735434007
735752897
736579117
736741821
737310995
739787904
739836039
740602894
741224931
741224942
741293420
741597322
744189889
744769918
744851208
744882019
745729888
747779910
749078962
749094885
749094938
749109884
749969909
753237901
754105884
755018884
756869261
757228497
757843896
760018895
760295036
761980429
762124422
762630884
763225933
765224318
765256153
766354752
766396167
766695512
766894692
767319014
767546279
768160271
768237041
768592885
768620766
769175514
770177884
770903376
771269254
771433054
771989093
772561884
773126820
774620933
774875399
775201158
775873865
777512000
777630969
778658393
778679533
779561331
780214292
780458840
780467456
783214985
783960953
784279176
785267899
787130974
787141016
787786130
789356890
789605324
791341471
791532221
792694774
793157344
793772904
794156760
794278407
794729836
794730213
794884903
794960248
795739546
796149420
796339836
796851829
796870199
797157312
797339772
797511732
797809194
799631716
802869990
802889610
803346990
803781859
804069802
804888540
805532295
805548819
805869467
807411101
807416704
808108897
809657936
810405576
811397653
813330182
813952961
814323051
814466047
815876493
816177666
816202468
816821851
818779127
819169133
819197891
819627009
820004378
820802943
821374885
821399915
822701037
823413326
824281761
824940089
825089659
826395534
828392046
829581836
830201595
830302503
830515294
830708155
834246564
834248867
834715612
836464625
838848566
839301889
840146800
840190552
840469989
840811083
841386224
842503500
842617644
844517266
846073598
847177468
847347016
848218959
848276233
848515450
848651098
849732663
849796318
850417796
850863885
852318295
852801667
852801905
853246110
853706620
854145102
854245283
855062660
857654965
858226685
858352213
858919777
859644120
860380109
860454499
861891048
862469459
862550306
862880884
863882795
863960527
863998476
864130829
866786833
867887231
868123351
868773703
868897264
869011374
869329921
869757898
869869881
870099476
870322730
871095743
871169596
871197819
871230822
871235562
871458763
872040692
872438427
872461032
872899311
873008064
873474116
874525259
875063456
875152413
875224191
875242534
875267105
875273243
876217010
876291194
876510541
876514856
876524974
878659964
879057314
879157782
879828836
879908394
879996273
880859615
881267423
881342787
881404173
882059071
882248810
882365789
882453590
882687823
882931712
883144212
883179733
883539642
883854755
883882340
883997728
884377252
884880797
885661130
885788690
885792725
886059850
886103288
886212870
886564208
886666245
886697025
887171753
887910620
888382460
888615473
888683802
888701288
888721616
888988372
889704267
890343394
890354109
890358046
890479211
890530382
890722494
891192948
891280237
891294826
891362701
891448329
891450541
891453663
891528055
891596226
891700302
891755554
892092770
892311054
892393815
892510181
892521757
893525571
893918621
893927401
893938765
893998740
894022200
894225691
894342370
894918913
894991908
895361200
895425891
895506023
895682747
895700579
895761422
895875773
895913573
896150306
896890211
897154382
897322501
897331650
897447840
897880328
898245825
898346723
898611505
898688373
898788946
898968647
899193797
899277186
899441948
899515785
899538562
899593829
899709775
899997582
900333528
900404152
900837187
901500107
901999406
902062673
902585800
903033050
903418970
903911740
903954182
904013027
904207373
904239552
904481505
904923517
904940613
905060486
905729701
905922947
905995602
906287108
906388170
906681058
906826053
906995758
907159478
907174449
907210971
907407546
907470416
907759227
908071717
908384544
908456072
908511009
908519492
909087462
909110675
909170492
909195466
909196467
909254807
909349642
909400466
909434792
909472985
909587083
909730184
909904428
909911026
910076264
910159225
910208432
910398892
910513149
910559026
910738761
910908367
911138230
911201894
911654012
911686788
911719423
912040221
912177018
912320999
912606824
912874848
913427709
913817574
914136002
914189520
914433115
914471589
914564861
914673497
914893190
915071248
915074326
915083784
915223450
915375908
915545000
915700151
916130071
916365675
916614208
917463360
917555054
917857630
917912662
918035581
918038160
918138802
918387844
918396645
918997182
919008215
919045939
919097064
919132359
919218502
919478091
919701578
919968216
920007273
920133658
920160643
920480909
920482331
921447306
921852522
921954809
922199867
922281347
922304974
922380267
923138396
923555295
923772792
923814895
923873989
923920872
923947429
924058967
924443754
924455599
924826403
925056174
925201227
925209077
925242723
925494667
925547937
925770322
925838610
926105977
926159169
926278322
926366251
926541293
927117171
927568927
927569248
927823151
928359827
928403019
928579927
928927353
929195587
929302239
930026670
930304174
930368978
930563044
930764645
930777501
930868205
931130399
931201696
931337752
932191687
932236332
932315244
932325717
932441611
932476009
932696349
932721236
933061939
933189224
933199580
933227208
933236570
933350763
933462805
933471941
933623806
933687137
934003228
934390663
934484238
934540991
935204856
935216956
935248296
935528099
935559685
935566920
935581627
935623257
935697665
936749679
936966570
936966605
937166097
937236311
937255144
937258914
937289819
937580024
937616953
937793199
937976391
937988895
938095479
938099257
938183394
938194086
938571723
938596958
939272201
939906112
940249281
940314673
940355209
940397955
940401053
940595599
941087958
941107732
941421328
941620316
941920716
942003779
942413257
942435348
942473930
942480934
942766453
942990867
943101317
943116454
943419894
943438858
943453328
943594558
943753597
943837049
944165809
944244620
944644383
944646397
944693166
944808246
944985743
945177811
945402023
945434433
945623719
945628768
945832041
945991259
946168827
946382493
946477821
946843913
946930094
947039079
947402822
947529440
947548754
947624478
947805279
947824428
948089675
948090890
948201260
948561621
948618479
948634806
948757156
948781148
948805709
948861271
948958859
949184293
949215818
949255899
949281035
949344041
949498190
949817566
950130103
950279845
950299949
950335311
950386914
950503358
950527505
950574221
950593464
950593959
950823223
950902520
950984120
951350964
951536298
951615217
951971414
952549036
952553927
952555810
952561811
952658839
952658953
952694580
952871251
952877179
952929696
953036666
953086535
953230894
953454701
953831664
953876014
953917544
953923489
953936584
953940121
953946902
953953312
953969225
954205285
954323480
954372033
954549897
954724812
954779921
955102484
955170175
955260074
955266964
955327604
955832188
955957721
955962995
956373528
956811074
957212695
957255155
957302048
957316969
957442616
957471210
957764690
958174054
958415876
958455860
958635569
958763157
958796099
958825016
958848462
958880753
958904868
958957112
959270676
959304067
959327054
959390742
959451726
959452391
959469304
959515619
959801877
959937622
960120322
960504959
960506557
960708632
960716999
960744514
961227503
961339405
961411124
961648591
961662290
961889853
961932335
962056217
962084488
962228091
962289279
962397288
962473684
962566898
962713931
962967653
962973848
962996253
963037888
963038076
963477453
963570332
963753435
964055562
964064306
964351449
964426709
964738592
964743113
965000875
965084468
965096605
965114347
965226033
965552611
965609252
965622173
965748314
965789238
966030326
966099615
966169065
966764324
966802035
967082741
967146605
967181200
967383325
967422975
967502646
967812288
967870967
967912296
968016877
968213298
968591710
968666409
968744559
968858645
968907076
969044213
969154545
969264934
969447060
969447496
969475899
969589921
969592391
969961138
970021572
970131308
970202342
970389374
970416885
970421850
970721313
970777078
971186665
971231853
971329287
971414822
971608996
971720127
971788369
972003056
972349604
972419844
972426013
972533719
972579925
972627326
972737732
973055274
973113361
973324681
973366293
973825192
973901066
974022309
974092051
974529966
974530923
974625290
974682335
974769286
975414811
975459971
975683986
975832655
975955904
975985952
976063428
976063866
976071352
976150380
976257847
976350178
976429128
976510666
976690555
977028266
977041956
977056011
977091580
977159568
977183254
977242839
977256145
977354430
977549081
977909424
977933863
977949232
977965019
978148241
978176131
978201325
978236345
978238542
978352903
978524071
978563657
978603244
978697315
978985106
979144378
979469730
979533450
979540312
979713827
980132410
980134624
980241548
980274086
980286865
980307863
980384565
980540474
980594437
980864870
981031050
981035758
981093617
981305941
981413101
981437721
981535263
981819100
981888264
982102809
982218746
982235342
982255287
982416928
982437433
982457990
982528455
982763237
982805507
982819497
982887800
982923857
982936366
983099308
983149271
983151079
983202217
983488323
983489496
983613658
983868842
983963758
984451115
984594553
984731733
984957369
985035649
985077390
985082895
985238090
985565530
985611127
985923564
985927350
985945557
985950986
986420993
986722176
986749236
987112935
987237335
987732117
987733557
987868589
988235692
988296409
988301769
988341207
988375097
988383602
988396858
988455996
988518358
988627776
988716364
988737164
989078384
989087237
989105524
989148225
989254177
989442029
989733380
989844820
990157917
990668324
990692830
990928352
991032122
991165672
991346515
991526007
991563953
991626372
991693702
991709209
991764216
991897864
992004655
992047786
992140496
992412812
992425516
992762497
992762663
992796509
992875656
993071546
993093969
993187907
993435362
993479067
993570169
994046673
994052436
994119740
994556645
994673739
994674676
994822255
994933845
995022521
995125257
995922287
996136866
996345745
996402903
996491151
996509117
996802374
996855098
996866372
996948313
997002798
997252057
997392079
997446291
997676587
997715441
997811381
997878440
998059934
998179061
998253660
998276924
998360879
998364171
998424233
998528159
998834675
998936876
999195395
999239164
999263877
999273718
999535933
999702563
999771588
1000227889
1000588300
1000590510
1000593025
1000668798
1000708019
1000835177
1001059684
1001153553
1001177846
1001193844
1001229698
1001244846
1001247878
1001248922
1001286466
1001515754
1001725199
1001893116
1001989098
1002210090
1002228096
1002317411
1002345611
1002355194
1002381557
1002503055
1002739417
1003138996
1003201868
1003287840
1003706384
1003716367
1003765913
1003837100
1003996643
1004090290
1004729170
1004871562
1004938586
1004963943
1005017298
1005030039
1005050125
1005077069
1005098334
1005322299
1005415016
1005859110
1006385486
1006503995
1006850128
1007001475
1007120869
1007143930
1007177838
1007479011
1007720559
1008053853
1008496061
1008546049
1008548146
1008623359
1008719508
1009158392
1009200976
1009227147
1009257820
1009336960
1010174792
1010204708
1010582800
1010587367
1010604522
1010704842
1010794981
1010801515
1011114397
1011129367
1011132019
1011193872
1011396240
1011415692
1011476555
1011479119
1011562903
1011597997
1011661714
1011675447
1011714860
1011776388
1011796416
1011806461
1011983738
1011987577
1012274888
1012329703
1012368051
1012867463
1013551921
1013585593
1013596666
1013780477
1013818720
1013854622
1014277964
1014565551
1014661557
1014902505
1014907403
1014920360
1015000630
1015077531
1015225810
1015552271
1015603795
1015744628
1015771623
1015820762
1015944446
1016197739
1016279124
1016360869
1016686482
1016810652
1016915419
1017112774
1017186083
1017228401
1017236115
1017240682
1017447032
1017581225
1017627073
1018002876
1018142904
1018216485
1018356776
1018357323
1018497986
1018704225
1018725005
1018922850
1019167420
1019312381
1019616705
1019838009
1019856486
1020009128
1020273791
1020304479
1020327340
1020473684
1020536786
1020581825
1020583460
1020587577
1020657631
1020876671
1020947824
1021091295
1021102353
1021204969
1021239565
1021368752
1021462578
1021496959
1021586545
1021672050
1021845881
1021877189
1021933645
1021967723
1021971213
1021988466
1022023000
1022056495
1022100908
1022196879
1022239163
1022256487
1022268606
1022305219
1022647461
1022667752
1022729100
1022732646
1022763299
1022844131
1023002643
1023026782
1023028213
1023126431
1023218196
1023273544
1023281359
1023648594
1023681159
1023681711
1023683909
1023741615
1023751978
1024000488
1024004804
1024216465
1024341813
1024374740
1024395159
1024505111
1024506807
1024507512
1024522751
1024577327
1024850260
1024951378
1024951639
1024953838
1025000402
1025177870
1025243640
1025297873
1025313530
1025396583
1025628019
1026152405
1026311548
1026540588
1026689855
1026717130
1026719224
1026720146
1026736263
1026832671
1026901472
1026909621
1027279455
1027284532
1027419374
1027799669
1028003495
1028179601
1028272877
1028400679
1028464453
1028546978
1028556453
1028558002
1028610115
1028791881
1028902794
1028939296
1028984371
1029033692
1029375276
1029499643
1029588869
1029932207
1030457527
1030487391
1030505688
1030522460
1030634472
1030710604
1030762703
1030792602
1030815031
1031021466
1031088612
1031155880
1031164407
1031388734
1031390478
1031391869
1031406492
1031530508
1031704553
1031728646
1031781908
1031791319
1031838318
1031843950
1031857811
1031867079
1032240256
1032298135
1032301062
1032308323
1032432287
1032451280
1032460746
1032464015
1032934485
1033049320
1033049991
1033076651
1033117027
1033229197
1033387365
1033617377
1033645055
1033679736
1033682827
1033685038
1033746864
1033781064
1033803652
1034091427
1034201612
1034310786
1034383306
1034399175
1034523226
1034533362
1034591399
1034714533
1034773723
1034774337
1034933180
1034934076
1035107039
1035142291
1035161188
1035197114
1035217840
1035219553
1035219562
1035220162
1035245749
1035299535
1035355817
1035460404
1035494079
1035525494
1035542049
1035582408
1035635092
1035663068
1035689743
1035690802
1035993638
1036062958
1036094312
1036129117
1036157827
1036205036
1036435323
1036517151
1036723978
1037103749
1037160778
1037285199
1037414606
1037420924
1037601932
1037712285
1037781582
1037799797
1037820836
1037823594
1037830332
1037866921
1038007349
1038313415
1038376578
1038379658
1038384580
1038866266
1039011796
1039129211
1039133072
1039141908
1039171609
1039260250
1039514679
1039596715
1039637425
1039728737
1039883456
1039910808
1039945866
1039971485
1039971965
1040048258
1040083067
1040105227
1040120819
1040224715
1040366566
1040407117
1040417757
1040444258
1040451375
1040451985
1040523600
1040608649
1040671838
1040713617
1040803415
1040809311
1040811649
1040871937
1040930654
1040968715
1041317729
1041370707
1041406978
1041465860
1041512978
1041528293
1041731729
1041873285
1041898963
1041903908
1041951266
1041987123
1042173956
1042195779
1042298797
1042299727
1042300762
1042322028
1042419574
1042433429
1042770650
1042978679
1043003599
1043269825
1043318628
1043390344
1043450394
1043607606
1043689670
1043714288
1043733402
1043824696
1044142557
1044225211
1044283059
1044286515
1044318857
1044341430
1044374093
1044534100
1044534198
1044535426
1044550538
1044671796
1044733380
1044764933
1044818466
1044837432
1044848003
1044923803
1044950341
1044953131
1045164931
1045232937
1045268097
1045352003
1045504326
1045605097
1045823211
1045850132
1045947023
1046195811
1046280177
1046345589
1046429579
1046432580
1046448102
1046480662
1046505126
1046553860
1046593064
1046598440
1046617847
1046621147
1046684325
1046694770
1046787882
1046824077
1046884557
1047042828
1047113274
1047118827
1047205902
1047264616
1047354020
1047566421
1047595823
1047605171
1047610405
1047653834
1047666264
1047713034
1047713752
1047733214
1047755798
1047755932
1047763490
1047808261
1047821816
1047840202
1047844240
1048018108
1048026594
1048139188
1048228014
1048260999
1048277914
1048505998
1048506340
1048559057
1048629983
1048696422
1048702554
1048831615
1048838824
1048849149
1048868250
1048881232
1048896882
1048899002
1048914472
1048925081
1049078653
1049201894
1049254261
1049257954
1049316554
1049316924
1049351079
1049386519
1049649831
1050017714
1050062943
1050199833
1050331109
1050339928
1050342815
1050367912
1050402885
1050452180
1050535507
1050563650
1050608523
1050712293
1050745469
1050763662
1050831202
1050893183
1050973882
1050988480
1051124278
1051141720
1051195210
1051209606
1051326718
1051411202
1051434604
1051573241
1051638513
1051656345
1051708566
1051755724
1051767749
1051910636
1051927783
1052024839
1052035509
1052065651
1052087662
1052109508
1052113323
1052123679
1052223765
1052491589
1052554029
1052556488
1052582820
1052623015
1052650787
1052661250
1052682268
1052684130
1052726188
1052729607
1052730063
1052744048
1052744981
1052857551
1052958353
1052982491
1052994265
1052998653
1053066296
1053189283
1053254031
1053276040
1053294286
1053294297
1053388964
1053524307
1053533457
1053562258
1053605807
1053688442
1053795896
1053800699
1053807892
1053808624
1053946396
1054256307
1054297141
1054355169
1054355818
1054651434
1054829917
1054867839
1054933075
1055138354
1055204150
1055274701
1055302647
1055333603
1055359142
1055376602
1055387127
1055397979
1055486126
1055538670
1055570687
1055571047
1055596969
1055636344
1055680013
1055681261
1055684003
1055697824
1055708498
1055714800
1055825012
1055925081
1055962232
1056011241
1056042016
1056224570
1056489580
1056668779
1056672891
1056681903
1056683884
1056893074
1056954483
1056963973
1056968162
1056999701
1057030968
1057080594
1057119275
1057124368
1057145653
1057172667
1057391061
1057403847
1057416982
1057446665
1057448045
1057554325
1057556336
1057633985
1057673686
1057818838
1057819454
1057856541
1057870288
1057925633
1058023292
1058036662
1058156533
1058287503
1058289313
1058304462
1058355648
1058602106
1058603368
1058747457
1058752053
1058786785
1058801458
1058965051
1059134258
1059195733
1059213655
1059218666
1059271164
1059302662
1059309490
1059310516
1059320420
1059325444
1059331825
1059336909
1059401746
1059405547
1059407278
1059442774
1059443303
1059536022
1059554895
1059593339
1059642837
1059689426
1059718989
1059797590
1059827476
1059879206
1059911569
1060000733
1060017016
1060062637
1060082140
1060085133
1060085514
1060102144
1060178390
1060266198
1060276201
1060333629
1060386658
1060443742
1060599603
1060894301
1060935829
1060973985
1060981840
1061009889
1061042798
1061115611
1061132313
1061143997
1061197325
1061224933
1061345998
1061419426
1061501834
1061522995
1061531453
1061550054
1061572339
1061572575
1061610336
1061661355
1061662610
1061703886
1061768547
1061782177
1061873443
1061897092
1061907653
1061909513
1061912080
1061931703
1061960628
1062002361
1062145414
1062164103
1062166395
1062203687
1062209068
1062307524
1062425347
1062475106
1062550397
1062642163
1062647883
1062764988
1062765947
1062771297
1062784298
1062825120
1062825798
1062825806
1062827816
1062834129
1063149922
1063180351
1063192467
1063194066
1063210798
1063211448
1063317238
1063637102
1063780668
1063781546
1063785850
1063828798
1063872409
1063873198
1063892879
1063928863
1063946646
1063992958
1064016216
1064016503
1064020298
1064038965
1064087245
1064093693
1064165938
1064304763
1064362767
1064391608
1064421107
1064429971
1064459184
1064676206
1064785404
1064830114
1064883436
1064885978
1064902326
1064913577
1064962398
1064989970
1065127755
1065221752
1065222241
1065223198
1065271333
1065289089
1065304745
1065354321
1065354746
1065376321
1065401804
1065405497
1065421915
1065470211
1065480798
1065550288
1065562979
1065590798
1065599938
1065621093
1065623382
1065674928
1065675607
1065691080
1065719308
1065754566
1065770853
1065802303
1065810974
1065834036
1065902981
1065906948
1065976148
1066091585
1066111223
1066135421
1066170195
1066172927
1066322956
1066416979
1066612270
1066632299
1066685421
1066731455
1066737409
1066769531
1066784117
1066882875
1066980345
1067024404
1067059743
1067084549
1067117430
1067146012
1067180769
1067189485
1067205290
1067212421
1067231467
1067456521
1067458275
1067468386
1067575280
1067594919
1067596534
1067686814
1067715382
1067720154
1067720293
1067766579
1067768015
1067773107
1067848872
1067848964
1067903136
1067937065
1067980441
1068019093
1068026210
1068044677
1068076031
1068079276
1068081729
1068100966
1068164841
1068236871
1068266222
1068353024
1068360791
1068366903
1068396594
1068416637
1068418810
1068419726
1068460848
1068463719
1068512694
1068556466
1068766238
1068818303
1068847177
1068875169
1068885474
1068996563
1069162618
1069217368
1069236120
1069287597
1069300300
1069319757
1069337400
1069359097
1069438454
1069460388
1069468543
1069508452
1069536554
1069592213
1069601724
1069621692
1069710958
1069729519
1069735362
1069756985
1069757051
1069757703
1069769377
1069786966
1069786972
1069787152
1069789014
1069789077
1069796800
1069803052
1069830936
1069840000
1070007906
1070022685
1070036646
1070052833
1070057529
1070091597
1070226733
1070228823
1070452700
1070504791
1070506962
1070525362
1070532401
1070615218
1070670743
1070689426
1070702119
1070709625
1070716801
1070725569
1070850573
1070854722
1070855108
1070864992
1070998254
1071006943
1071021891
1071039429
1071045817
1071077611
1071086525
1071146166
1071224055
1071235820
1071366753
1071497654
1071504918
1071511733
1071516797
1071521565
1071633581
1071711895
1071712425
1071767366
1071770565
1071770573
1071879826
1071897944
1071913738
1071974253
1071976079
1072007547
1072090698
1072136623
1072159054
1072276976
1072278593
1072353174
1072364990
1072382299
1072408580
1072425152
1072456036
1072527403
1072600030
1072628005
1072650248
1072670055
1072675851
1072737282
1072752496
1072844973
1072881532
1072950932
1072976627
1072990945
1073002250
1073014391
1073035133
1073059009
1073059261
1073081246
1073129594
1073142282
1073166647
1073402202
1073473120
1073500846
1073529893
1073594113
1073602039
1073693724
1073698593
1073766982
1073806361
1073811368
1073816197
1073828708
1073830651
1073862417
1073863728
1073907652
1073946317
1074004076
1074061701
1074068315
1074222293
1074223087
1074228046
1074251093
1074311276
1074321709
1074382375
1074403804
1074432267
1074568873
1074577920
1074628617
1074634656
1074866833
1074889855
1074943747
1075068419
1075301033
1075497162
1075680307
1075681444
1075705502
1075767316
1075817264
1075818491
1075820543
1075820557
1075851197
1075853478
1075870730
1075872386
1075896827
1075901015
1075979610
1076037275
1076093996
1076199012
1076211312
1076216289
1076237303
1076292594
1076297448
1076402133
1076407343
1076431520
1076440502
1076460598
1076478016
1076483949
1076540771
1076592702
1076619087
1076683233
1076700027
1076728632
1076751035
1076802209
1076806233
1076834881
1076843245
1076859004
1076899352
1076907164
1076985045
1077051430
1077056423
1077142297
1077165876
1077188355
1077193099
1077219776
1077245487
1077258209
1077302012
1077346638
1077483835
1077576649
1077585444
1077586834
1077590028
1077611503
1077626197
1077644533
1077644883
1077707350
1077791959
1077809640
1077829105
1077864246
1077871641
1077954869
1078031633
1078050410
1078051960
1078142098
1078169958
1078170269
1078180470
1078203264
1078203772
1078214852
1078412469
1078542442
1078560217
1078560336
1078573759
1078591208
1078665338
1078677054
1078812538
1078819328
1078934052
1078967478
1079094909
1079178967
1079253434
1079272952
1079316669
1079321578
1079527277
1079527526
1079643338
1079644135
1079658714
1079673793
1079758987
1079800951
1079843974
1079971086
1079974548
1079977734
1080169657
1080200089
1080235395
1080236551
1080243808
1080257114
1080262235
1080290867
1080294836
1080310524
1080340345
1080345135
1080369552
1080434313
1080465588
1080497972
1080533223
1080541663
1080544164
1080545293
1080558477
1080563307
1080565581
1080605845
1080634585
1080654588
1080661330
1080767538
1080778007
1080869737
1080942226
1080973177
1080980064
1081079080
1081079094
1081106301
1081132110
1081270431
1081295232
1081404850
1081431390
1081561570
1081593943
1081609724
1081612551
1081674942
1081690522
1081734476
1081737936
1081769613
1081832850
1081839485
1081957053
1081977472
1082069304
1082150954
1082215066
1082240310
1082293885
1082309664
1082594539
1082671838
1082673403
1082674903
1082678255
1082679672
1082764317
1082781138
1082793702
1082836132
1082891966
1082958318
1082958327
1082958340
1082965369
1083107235
1083174287
1083345097
1083356839
1083362092
1083367051
1083442831
1083708143
1083801827
1083835330
1084084901
1084085985
1084133300
1084135698
1084144010
1084153783
1084197093
1084253570
1084264750
1084290631
1084331400
1084565679
1084590704
1084600612
1084644256
1084682224
1084805156
1084841402
1084930110
1084979184
1084979604
1085000333
1085024470
1085096375
1085105198
1085123968
1085248903
1085401990
1085429285
1085432257
1085434420
1085435111
1085435354
1085458374
1085461253
1085464876
1085497387
1085497631
1085543061
1085596938
1085617232
1085660579
1085697317
1085698206
1085730259
1085768995
1085821901
1085829348
1085914246
1085932108
1085932516
1085978097
1085985143
1086006702
1086015361
1086126576
1086252028
1086316112
1086354043
1086391724
1086451637
1086477428
1086502786
1086519782
1086539327
1086548430
1086577498
1086617993
1086625206
1086644209
1086647459
1086688310
1086758579
1086758987
1086794447
1086795798
1086799932
1086917828
1086964574
1086978383
1087011731
1087074229
1087075743
1087095011
1087095785
1087096070
1087125014
1087200930
1087266454
1087273941
1087276648
1087280174
1087282720
1087286731
1087286874
1087287522
1087318096
1087344255
1087422283
1087433788
1087490734
1087637812
1087638293
1087693451
1087698005
1087702752
1087728027
1087738560
1087742191
1087784913
1087793008
1087817882
1087893385
1087897068
1087984514
1088041538
1088056625
1088126570
1088135010
1088172195
1088186369
1088194226
1088211144
1088242281
1088263864
1088318418
1088389081
1088496590
1088540036
1088568893
1088580204
1088585714
1088589710
1088625279
1088632237
1088682460
1088731673
1088941177
1089003380
1089058534
1089108246
1089125950
1089138131
1089193839
1089215088
1089372833
1089386287
1089462231
1089471259
1089516052
1089580662
1089666978
1089810837
1089824278
1089847385
1089849623
1090258212
1090267690
1090292301
1090320498
1090532562
1090552213
1090577736
1090636013
1090653945
1090725456
1090731387
1090742878
1090757314
1090759947
1090826925
1090842524
1090871721
1090877424
1090922211
1090936977
1091024209
1091126272
1091144704
1091186897
1091192778
1091215595
1091277956
1091363676
1091366179
1091366799
1091487691
1091522492
1091569546
1091598017
1091620783
1091627644
1091640857
1091699305
1091824117
1091891746
1091946582
1091961831
1091993742
1091997580
1092109109
1092146718
1092148948
1092258126
1092276838
1092371543
1092374597
1092447708
1092448381
1092463029
1092463062
1092574509
1092650486
1092651841
1092653320
1092749144
1092850344
1092854935
1092899813
1092938333
1092971411
1093055087
1093055888
1093056214
1093090526
1093180069
1093260038
1093326711
1093334825
1093383478
1093396572
1093405374
1093409783
1093430283
1093438308
1093466319
1093488401
1093681017
1093727370
1093751264
1093776653
1093784264
1093809825
1093811993
1093824646
1093825530
1093829912
1093833768
1093865954
1093924230
1094030987
1094038347
1094167473
1094174239
1094177277
1094248282
1094310546
1094370858
1094578154
1094580863
1094603241
1094642753
1094663982
1094724185
1094744773
1094833642
1094977269
1095003754
1095103225
1095144783
1095198288
1095219324
1095227160
1095280287
1095317943
1095336248
1095581857
1095583219
1095584799
1095603248
1095604849
1095623181
1095645600
1095681176
1095683899
1095687767
1095694895
1095781221
1095820384
1095824296
1095884379
1095919153
1096022095
1096047800
1096049715
1096168624
1096204046
1096287686
1096454131
1096464625
1096695328
1096756212
1096801294
1096938298
1096964165
1097004394
1097094906
1097114930
1097138041
1097148221
1097200146
1097469600
1097482356
1097492828
1097520882
1097564743
1097587096
1097724199
1097725920
1097727390
1097737340
1097757301
1097766064
1097821445
1097825440
1097885049
1097998313
1098006458
1098041500
1098099856
1098165513
1098187391
1098207701
1098208851
1098209028
1098487609
1098508571
1098539566
1098619553
1098758960
1098834577
1099021080
1099079526
1099081620
1099092384
1099152229
1099176816
1099179070
1099420627
1099703034
1099710942
1099735932
1099859731
1099877033
1099950549
1099961721
1099995778
1100023494
1100029269
1100087171
1100088261
1100092726
1100094604
1100110635
1100113170
1100139790
1100147750
1100160696
1100292960
1100472035
1100573190
1100578622
1100591575
1100612577
1100620736
1100636064
1100639820
1100694944
1100696971
1100723148
1100797913
1100810556
1101015200
1101109456
1101141411
1101399354
1101419354
1101445404
1101472953
1101501512
1101562772
1101582722
1101635974
1101675121
1101691540
1101744458
1101848745
1102054727
1102056464
1102291071
1102339559
1102346079
1102362078
1102364578
1102411902
1102448232
1102448236
1102495460
1102508135
1102520605
1102659097
1102660950
1102687865
1102742855
1102814563
1102828488
1102924965
1102943846
1103099404
1103201207
1103209451
1103310426
1103314372
1103570293
1103631263
1103637547
1103679001
1103702902
1103804173
1103857857
1103901846
1103942426
1104112723
1104124222
1104191752
1104214157
1104219495
1104247866
1104415942
1104486867
1104655318
1104698715
1104795347
1104797523
1104814161
1104816326
1104855278
1104869703
1104879125
1104882704
1104911266
1104912882
1104945393
1104966982
1104986393
1105246469
1105291416
1105294926
1105304995
1105385887
1105390093
1105408313
1105426659
1105548368
1105584845
1105790805
1105805539
1105845815
1105855019
1105903447
1105918031
1105928070
1105930001
1105930005
1105932165
1105999795
1106012225
1106057049
1106217529
1106329353
1106374233
1106493268
1106510521
1106515427
1106542634
1106558008
1106666606
1106737361
1106745094
1106788059
1106808184
1106808930
1106818611
1106842267
1106842405
1107170561
1107282504
1107419480
1107486943
1107529451
1107537631
1107704042
1107741196
1107742773
1107818928
1107822876
1107880005
1107931279
1108048349
1108097491
1108185975
1108206682
1108219180
1108340786
1108373391
1108384425
1108402751
1108465034
1108475553
1108482394
1108507977
1108549870
1108580508
1108583427
1108623942
1108697438
1108733742
1108774944
1108780504
1108787635
1108939718
1109008912
1109024890
1109043621
1109444394
1109489005
1109545844
1109668092
1109674878
1109781792
1109830748
1110057737
1110261314
1110286206
1110368735
1110376793
1110429957
1110447884
1110480334
1110512888
1110631870
1110639444
1110657008
1110700363
1111311076
1111428249
1111486949
1111487818
1111504185
1111504254
1111617387
1111873503
1111957680
1112040900
1112052555
1112068171
1112071865
1112071930
1112081391
1112156258
1112162323
1112208725
1112350146
1112382631
1112433234
1112477374
1112500249
1112532917
1112540727
1112551222
1112581194
1112690545
1112701216
1112826311
1112851561
1112861301
1112922482
1112989865
1113205946
1113304677
1113359219
1113413855
1113473319
1113603774
1113756219
1113883640
1113891385
1113923256
1113936701
1113943452
1113946899
1114046971
1114061571
1114130722
1114170869
1114234507
1114245788
1114261491
1114284578
1114288419
1114312105
1114434026
1114483079
1114493266
1114594263
1114606759
1114692553
1114710947
1114718412
1114748413
1114811228
1114893521
1114916686
1114921009
1115010672
1115078893
1115083152
1115092415
1115111967
1115128108
1115223015
1115245945
1115415865
1115633942
1115647211
1115681877
1115733806
1115848946
1115978213
1115981170
1116025351
1116026071
1116046099
1116069870
1116112829
1116214450
1116215882
1116249582
1116253995
1116271098
1116296327
1116320580
1116329647
1116483214
1116494563
1116541279
1116544191
1116549013
1116549578
1116564897
1116568228
1116622769
1116785618
1116861891
1116876789
1116880272
1116882930
1116899512
1116902833
1116910957
1116937558
1116944520
1117166919
1117310816
1117365978
1117482308
1117580704
1117621317
1117719909
1117816598
1117818844
1117825020
1117825025
1117844680
1117905680
1117981792
1117998129
1118012993
1118046725
1118072618
1118082679
1118239905
1118353232
1118398079
1118494466
1118646945
1118676232
1118756851
1118839901
1118844179
1118850623
1118918368
1118999592
1119002115
1119018463
1119051088
1119058112
1119061470
1119074194
1119104329
1119107230
1119109028
1119132775
1119200610
1119351068
1119358760
1119370883
1119424086
1119514051
1119644926
1119713595
1120021683
1120034048
1120181386
1120339123
1120437406
1120463205
1120471712
1120547622
1120565231
1120574666
1120674971
1120695201
1120838254
1120861209
1120936238
1120991202
1121160975
1121172075
1121196185
1121283620
1121425007
1121484538
1121545201
1121590741
1121659254
1121685698
1121740066
1121782467
1121796149
1121910644
1121943475
1121944763
1121963448
1121967198
1121989372
1122172974
1122191886
1122211704
1122212503
1122366064
1122367296
1122439453
1122488716
1122498143
1122584613
1122621497
1122682633
1122904897
1122909751
1123042939
1123078102
1123109531
1123132173
1123300756
1123371085
1123414741
1123417039
1123428617
1123434406
1123455917
1123493208
1123499004
1123499290
1123510087
1123539597
1123579511
1123605369
1123626556
1123639492
1123652342
1123667089
1123697672
1123707853
1123795045
1123897951
1123920179
1123959760
1123991807
1124034555
1124073720
1124123246
1124139149
1124143528
1124221308
1124265106
1124324199
1124344384
1124344855
1124345691
1124382586
1124453989
1124467250
1124476992
1124503295
1124567713
1124568844
1124768573
1124772645
1124836530
1124845146
1125065976
1125301530
1125318904
1125336042
1125378601
1125469780
1125478670
1125534178
1125806960
1125812643
1126032958
1126055536
1126101226
1126166674
1126191781
1126211341
1126212440
1126269043
1126296052
1126380291
1126382960
1126394027
1126403961
1126424472
1126517945
1126531257
1126563858
1126585243
1126714010
1126769121
1126835894
1126845799
1126845803
1126932090
1126935885
1127214864
1127229619
1127240851
1127261616
1127440445
1127454806
1127492845
1127634439
1127726827
1127739608
1128033152
1128070374
1128075013
1128233478
1128253730
1128311260
1128326130
1128377569
1128613074
1128623591
1128801236
1128839212
1128855720
1128940693
1128981090
1129025215
1129107483
1129234419
1129404572
1129553203
1129648611
1129671707
1129690785
1129693551
1129722364
1129755661
1129778673
1129966892
1130186793
1130221994
1130264634
1130297669
1130374815
1130398188
1130542083
1130630397
1130638483
1130638492
1130676836
1130770356
1130830362
1130847808
1130852386
1130864757
1130901077
1130988829
1131107453
1131134490
1131135416
1131203082
1131232060
1131236409
1131251130
1131344092
1131388981
1131422575
1131536464
1131590898
1131701133
1131708443
1131935122
1132158938
1132201707
1132213599
1132214105
1132217067
1132255154
1132336222
1132358193
1132440751
1132443199
1132450366
1132473553
1132509649
1132515131
1132517788
1132539563
1132542642
1132630378
1132662330
1132715891
1132754743
1132774393
1132817034
1132842255
1132915398
1132992868
1133031538
1133064144
1133084307
1133092959
1133241575
1133417566
1133481001
1133510322
1133678984
1133706938
1133737578
1133744473
1133749572
1133848135
1133883216
1133896041
1133898987
1133919651
1133990005
1134086133
1134126831
1134144728
1134176687
1134424698
1134424705
1134516647
1134529728
1134640800
1134680712
1134805859
1134835650
1134858124
1134867821
1135031533
1135204321
1135213693
1135283959
1135328912
1135372103
1135441810
1135442411
1135471095
1135518490
1135536260
1135564253
1135575003
1135596302
1135638235
1135653604
1135657766
1135667527
1135671895
1135791322
1135867247
1135973816
1135982876
1136075542
1136083624
1136136909
1136242132
1136259229
1136283432
1136538547
1136634131
1136678843
1136744871
1136753739
1136910248
1136936929
1136975039
1136993233
1137008076
1137022728
1137040079
1137042565
1137155107
1137175892
1137231583
1137262188
1137320380
1137330227
1137419214
1137456779
1137479384
1137503629
1137591249
1137613553
1137683736
1137689929
1137693912
1137822681
1137893020
1137927971
1137956525
1138117315
1138121520
1138143371
1138204375
1138484918
1138494618
1138586148
1138587244
1138819531
1138834300
1138868271
1139086261
1139097560
1139103442
1139119113
1139146156
1139254110
1139338323
1139377101
1139391147
1139663852
1139670134
1139704246
1139738453
1139753965
1139996011
1140023495
1140028033
1140033685
1140040414
1140080851
1140087281
1140186382
1140248640
1140266903
1140396820
1140406356
1140419709
1140451547
1140484774
1140507373
1140513212
1140586546
1140680115
1140798536
1140935852
1141018731
1141037183
1141095843
1141096674
1141118819
1141118823
1141154420
1141253112
1141280841
1141308767
1141341835
1141356008
1141365117
1141588161
1141738848
1141792757
1141834022
1141842849
1141895945
1141983956
1141996024
1142016085
1142049503
1142198889
1142223652
1142228312
1142261822
1142281657
1142334232
1142345991
1142348885
1142366464
1142385805
1142401623
1142443107
1142543955
1142546565
1142578005
1142578941
1142657936
1142717730
1142754013
1142803226
1143258387
1143430689
1143436828
1143437866
1143624165
1143689829
1143897524
1144018570
1144076945
1144116292
1144133049
1144154105
1144247611
1144325165
1144397186
1144422536
1144446958
1144458512
1144650526
1144812201
1144976930
1144983743
1145057065
1145258456
1145262669
1145290405
1145442827
1145460364
1145465310
1145485982
1145500015
1145528262
1145602670
1145696723
1145738671
1145823552
1145877280
1145920150
1146128499
1146177222
1146223410
1146320033
1146398155
1146465836
1146552070
1146696085
1146713881
1146788003
1146792601
1146828763
1146971602
1146991999
1147225129
1147297267
1147331964
1147424561
1147432809
1147452760
1147667378
1147910573
1147923152
1147995014
1148046351
1148047801
1148053146
1148119410
1148138918
1148177808
1148201330
1148229094
1148320769
1148362520
1148364175
1148435076
1148435080
1148457316
1148502570
1148524123
1148587239
1148613767
1148726949
1148799284
1148931050
1148944266
1148979232
1149338810
1149476118
1149479233
1149500619
1149845877
1150057624
1150132840
1150253456
1150346397
1150509995
1150735504
1150821668
1150901618
1150981743
1150982926
1151108516
1151195880
1151262589
1151268606
1151423446
1151455384
1151496004
1151506903
1151562012
1151585389
1151734656
1152254310
1152267556
1152267570
1152350612
1152396902
1152576183
1152607698
1152611696
1152933871
1152938994
1152996359
1153025759
1153028211
1153109870
1153136025
1153232514
1153449735
1153462277
1153473604
1153694100
1154065290
1154395075
1154401422
1154766826
1154791600
1154805667
1154856196
1154900079
1155034875
1155038987
1155162058
1155219609
1155497019
1155899847
1155982200
1156046252
1156049875
1156064689
1156120307
1156121311
1156123904
1156137155
1156406002
1156413671
1156447726
1156704617
1156759711
1156773416
1156856246
1156875272
1156906605
1157479274
1157494807
1157555235
1157569775
1157616329
1157626465
1157792207
1157812299
1157900625
1157967043
1158517484
1158640510
1158735801
1158754562
1158903065
1159218681
1159249515
1159273771
1159290179
1159376062
1159410526
1159611436
1159900476
1160056295
1160086118
1160380201
1160495350
1160574357
1160662479
1160688144
1160690385
1160692648
1160723843
1160731868
1160751111
1161030409
1161122860
1161136955
1161175470
1161194581
1161231636
1161251105
1161267000
1161306103
1161323425
1161444237
1161496947
1161538212
1161615642
1161626399
1161641255
1161656633
1161717622
1161739347
1161746000
1161836152
1162087330
1162719828
1162783385
1162794046
1162838832
1162914044
1163113876
1163313156
1163372874
1163404732
1163470174
1163621234
1163668736
1163675628
1163684161
1163706727
1163777816
1163850915
1163925890
1163963306
1163971418
1163984902
1163993025
1164013670
1164147984
1164374667
1164376202
1164377822
1164385183
1164423068
1164424437
1164439637
1164484325
1164492728
1164512642
1164765952
1164891129
1164956679
1165109912
1165315677
1165326780
1165352759
1165391697
1165482016
1165924249
1166063194
1166165827
1166225107
1166398861
1166596707
1166863768
1166974799
1167445841
1167651042
1167873588
1168110506
1168235182
1168304142
1168399577
1168504893
1168507191
1168567265
1168593601
1168645184
1168920959
1168960919
1168981143
1169297765
1169325682
1169417102
1169530248
1169836224
1169971902
1170155524
1170260363
1170329495
1170395210
1170406182
1170455562
1170744152
1171015241
1171021623
1171039301
1171089247
1171093849
1171329625
1171330617
1171332633
1171367187
1171552390
1171558918
1171578327
1171635060
1171663655
1172033149
1172048554
1172155464
1172179917
1172449400
1172627190
1172660336
1172884808
1173333213
1173335667
1173380979
1173383977
1173385518
1173388188
1173396715
1173451691
1173455771
1173642524
1173650428
1173688324
1173723621
1173806490
1173954282
1173990889
1174233489
1174286908
1174307280
1174468136
1174489793
1174503010
1174545438
1174727122
1174729560
1174999653
1175283555
1175316770
1175547625
1175770622
1175953961
1176147574
1176148737
1176156412
1176374647
1176486119
1176492470
1176875793
1176877177
1176901281
1177384028
1177414604
1177461222
1177618807
1177806007
1177907423
1177953624
1178261698
1178433845
1178454060
1178472225
1178822943
1178829577
1178846093
1178880179
1178892772
1178973979
1179213211
1179267591
1179475725
1179685798
1179840697
1179959829
1180103898
1180286571
1180300366
1180340451
1180467988
1180478894
1180885427
1180914367
1180931796
1180939298
1181016912
1181024195
1181025437
1181283568
1181358720
1181526812
1181582218
1181601206
1181616006
1181633163
1181724803
1181855507
1182265441
1182331762
1182568288
1183234072
1183260922
1183548754
1183709176
1183856228
1183986102
1184711626
1184800011
1185209084
1185328193
1185365336
1185428381
1185538497
1185731859
1185777521
1186108496
1186126548
1186384912
1187128255
1187279979
1187282363
1187617475
1187682390
1187779532
1187838770
